.Random.seed <-
c(403L, 30L, 380464238L, 865178696L, -135909813L, 1444873129L, 
-260306184L, -1102537178L, 418355009L, -1464345389L, 1572126850L, 
-1467384140L, -1862862281L, -599310035L, -970419644L, -1985376406L, 
952875989L, -1756775057L, 484059254L, 293798816L, 1780167779L, 
-1500339967L, 631434352L, -2072541170L, 1914714233L, -40159221L, 
-802891462L, -1734195140L, -1727029377L, -1461824299L, -408672020L, 
1060430402L, -754129507L, -2075918313L, 304788862L, 1491995448L, 
-1883818981L, -1067160199L, 1921547208L, 1768384502L, -1018648015L, 
-2132493213L, -1676753870L, -1703313020L, 1387980743L, 1923050141L, 
1058478612L, 523966650L, -1630640891L, -302666017L, -486149274L, 
-145009936L, -1159941613L, 1569217457L, 1296680544L, -1234516994L, 
1895652233L, 953937083L, 315525258L, -750445716L, -1130692369L, 
532630309L, -629115428L, -1314622542L, -1993762131L, -1832971673L, 
-550506098L, -1972586904L, -1800805781L, -555713527L, 1761231512L, 
-2113522234L, 220058913L, -1743956557L, 1495818530L, -177988844L, 
560227223L, 1855605645L, 662001316L, -1919428470L, 484269813L, 
1353728335L, -731664810L, -1183664896L, -1410150333L, -126516255L, 
1600650064L, -1139339858L, 591381337L, 508619115L, -1020940070L, 
-642418276L, 1972143519L, -1723648011L, 296531596L, -1774132382L, 
-970208451L, 1001053111L, 1373999198L, -478032488L, -966600453L, 
1398023321L, 1062855976L, 225305558L, -1034971055L, -2012759293L, 
-819635566L, 1440532516L, 1171969767L, -661927107L, 649040820L, 
-474800102L, -1548328091L, 1738710527L, -1440575354L, 1150131216L, 
-1554301261L, 582569297L, 1810334976L, 1599614942L, -778359767L, 
-1516237861L, 1530917098L, 1776623244L, 427106767L, 566670725L, 
-1662890436L, 1433060114L, 1512677389L, -1861942457L, 1359821102L, 
1532096648L, 1323537803L, -650932887L, 279576376L, 1013178854L, 
380564865L, -1071503085L, -1523456318L, 11862388L, -328279689L, 
-1419253139L, -1927961340L, 1110720554L, 1153408405L, -123215313L, 
-1670811850L, -2108395680L, -1609542237L, -341221695L, 493278896L, 
1379848654L, -1624701639L, -323790517L, -658265350L, -635106308L, 
-873321409L, -2097777387L, -1866015188L, -547822846L, -1937301539L, 
485726935L, -1146350146L, -1950355464L, 1638542299L, 1571243577L, 
1005940616L, -445370570L, -1124569743L, -1749317725L, 2139737842L, 
-58255804L, 487397639L, -1973239587L, 1081378260L, 1188976890L, 
-1108590523L, 281585823L, 162165286L, -1444919632L, -320623789L, 
-1032272271L, -1514148960L, -847938754L, 1955316297L, 608024315L, 
-1565112630L, 79067180L, -189161425L, 1521672421L, -2141091428L, 
294450162L, 1680682605L, 1002871719L, -561420850L, 1629082408L, 
979859755L, -832289975L, 892545112L, 1428999430L, 2105084129L, 
-912465805L, 1915321570L, 246656084L, -195751593L, 1249800525L, 
1432274148L, -2139793206L, -1422215883L, -1532748913L, 1618108566L, 
-549257152L, 1434626307L, -78510815L, -1592818160L, 1146189294L, 
3418521L, -1630378453L, -1435930854L, -1489029668L, 918920159L, 
-358192203L, 1769395532L, 1611981730L, -1309947139L, 1082242039L, 
1578568990L, 1726361560L, -1971642053L, -1970872992L, 375393292L, 
295238880L, 559825506L, 941049000L, -2117649332L, -766945412L, 
-1476806350L, -429297040L, -1621757116L, 893162456L, -1166498950L, 
1591576624L, -304189508L, -889396652L, -584085438L, -1265045856L, 
657162940L, -410367024L, -122503838L, -517955864L, -1305133876L, 
-1603137028L, -1221861902L, 2019730560L, -783521292L, 758585992L, 
-1079489734L, 394866000L, 771697772L, 2128487828L, -1623605166L, 
-308707872L, 429003980L, 1262976672L, -1625788030L, -1957283608L, 
65256172L, 855196988L, -423276430L, 724669040L, -1704023516L, 
-1596499912L, 1112353050L, -280279856L, 1745783100L, 2013889428L, 
-615696510L, 821349312L, -916281796L, 1500995984L, 968267810L, 
-1383766776L, -1127130996L, -1821921508L, 1614353554L, -414845568L, 
-141545452L, 418600744L, 1725072954L, 1593709008L, -999368340L, 
418853812L, -1640551918L, 1783588832L, -1973171764L, 405395680L, 
-1454248926L, -1671474392L, -995468788L, -577133764L, -895950862L, 
-2077830416L, -1084114364L, -915411368L, 1213757242L, -1658122256L, 
-1382595908L, -2024549100L, 17718466L, 924961888L, -1258752644L, 
1871548368L, -1492418270L, -1499441496L, -613689460L, -1442376516L, 
1298910002L, 1398736448L, -111971148L, -1198545848L, -303422022L, 
-620451312L, -1695793940L, 1383350612L, 1814106898L, -198693472L, 
-619283764L, 1649113696L, 1626980290L, -1474997464L, 1793046956L, 
1772326204L, -1959593102L, 1349958960L, 1204758308L, -255130312L, 
-1513093414L, -1502036080L, -742925572L, 354306964L, 1142957122L, 
2146465024L, 1913190460L, 692125008L, 1410372770L, -1293358264L, 
1416257292L, 1063427804L, -1360695470L, -217958784L, 1013569620L, 
-288250904L, 1890933498L, 160810320L, 653569836L, -1900493964L, 
-1768852590L, -999579040L, 1666267020L, -27936928L, -200297502L, 
-1890096216L, 186744012L, -1327842820L, -324065358L, 426423792L, 
1243289028L, 205908312L, -1534255750L, 819338672L, 1281029052L, 
-1125302188L, -1028288574L, 455462944L, -1019006788L, 375982672L, 
-1658382366L, -157008280L, 414617164L, 1035051260L, -197203982L, 
1528890624L, -904899724L, 1514426376L, -1125379654L, 2132864464L, 
-1013730324L, 659966868L, 828222418L, 1062938464L, -1970716340L, 
-687894240L, 965623682L, -1461573912L, -797107988L, 232855100L, 
-1634503822L, -1182083472L, -523828188L, -1231536328L, -707168102L, 
-1333190960L, 1052220604L, 1795902100L, 967938690L, -2004434752L, 
-2100529860L, 1902409872L, -745564638L, 2126893576L, -580920052L, 
-1354050916L, 1016956434L, 806685056L, 285063700L, 1980649000L, 
341479738L, 916700112L, 30637676L, -109645004L, 455316114L, 1167377760L, 
1815919948L, -124275744L, -266006622L, -735699032L, 1671358348L, 
-1490113860L, -1878518926L, -1799395088L, 730219588L, 1549665624L, 
509894714L, -1318292624L, -2124975044L, 598637332L, -278460990L, 
-1955791648L, -135471236L, -1360144688L, -622663006L, 509297704L, 
412365068L, -1973077060L, -237314766L, 1710671808L, -1140640204L, 
-253443128L, -728990534L, -1315872880L, 211010028L, 262214740L, 
2126858898L, -799708384L, 744434124L, 318731232L, -1916181125L, 
-803049396L, 1987152346L, -25812017L, 474631577L, 2045203886L, 
-340606276L, 1948295981L, -600084265L, 1713953056L, 620723838L, 
971810891L, 1579258445L, 1163939962L, -378371912L, 1389367905L, 
-1876965357L, -1111022028L, -1601277886L, 1900417111L, -462175327L, 
939189350L, -201323420L, 1717110677L, 1414131903L, 779907160L, 
140055670L, 943856771L, 1062415557L, -1093973534L, 537088080L, 
1780953465L, -591804757L, -1130795492L, 1092381002L, 84134207L, 
-1118105719L, -248688738L, 1443126860L, 1800292381L, 782113191L, 
1088814288L, -911450514L, -429266661L, -2139395459L, -1683550102L, 
1136278792L, 746326449L, 1337015843L, 2114943780L, 1659169746L, 
-1647101913L, -1500941711L, 1753290934L, -163733420L, -1306705691L, 
-1199710993L, 756699176L, 1572013190L, -206901581L, 391000085L, 
148988530L, 1015647936L, 565117737L, 969879963L, 734987884L, 
1838860922L, 1521019823L, -43110727L, 1211105486L, -79701476L, 
1929769357L, -883392521L, 573170432L, -736323234L, -120104405L, 
-549432019L, 183372186L, -2141706408L, -366211391L, 1268289907L, 
1254898324L, 1385348898L, 1181436471L, -752959743L, 1728370182L, 
-2091332540L, -1931596427L, 1354993887L, 250770488L, -1801038826L, 
1540019235L, -1797786651L, 1109521922L, 2130484336L, -1931589095L, 
-669866997L, 798369532L, 1976966954L, -1249259169L, -1774155543L, 
-1854025730L, 482354156L, 1840891709L, 1199430407L, -263245072L, 
-1475200370L, 288552123L, -1967054691L, 377121866L, 77379176L, 
-135284143L, 1918708035L, -154861500L, 219402994L, -223184185L, 
-232834927L, -1116912106L, 1317921908L, 390733573L, -660165297L, 
-806867128L, -24688922L, -1913075693L, 970616693L, -1704444078L, 
-211871840L, 1657926281L, -1687095621L, -1688955636L, -1919698790L, 
962821647L, -481215911L, -1224730898L, -847641220L, 175039981L, 
